Partido:1 vs 2
002,005
002,003
002,003
Partido:1 vs 3
001,003
001,002
003,004
Partido:1 vs 4
001,002
001,005
004,002
004,003
Partido:1 vs 5
005,005
005,004
005,003
Partido:1 vs 6
001,005
006,005
Partido:1 vs 7
007,004
007,004
Partido:1 vs 8
001,002
001,003
008,004
008,004
Partido:1 vs 9
009,004
Partido:1 vs 10
001,003
001,005
001,004
Partido:2 vs 3
002,005
002,002
Partido:2 vs 4
002,005
002,003
002,004
004,004
Partido:2 vs 5
005,004
Partido:2 vs 6
006,003
006,004
006,005
Partido:2 vs 7
002,004
002,002
007,003
007,004
Partido:2 vs 8
002,005
002,005
008,004
008,002
008,004
Partido:2 vs 9
002,004
009,004
Partido:2 vs 10
002,004
002,005
Partido:3 vs 4
003,005
004,005
004,004
Partido:3 vs 5
003,003
005,003
005,002
005,003
Partido:3 vs 6
003,004
Partido:3 vs 7
003,005
003,004
003,005
Partido:3 vs 8
003,005
Partido:3 vs 9
003,002
003,004
009,004
009,005
Partido:3 vs 10
003,004
010,004
010,004
010,002
Partido:4 vs 5
004,003
004,004
005,004
Partido:4 vs 6
004,005
004,003
006,002
006,003
Partido:4 vs 7
004,003
004,004
007,005
Partido:4 vs 8
004,002
008,004
008,005
Partido:4 vs 9
004,004
009,003
Partido:4 vs 10
004,003
010,005
010,004
Partido:5 vs 6
005,003
005,005
006,005
Partido:5 vs 7
005,003
005,004
005,004
007,005
007,005
007,004
Partido:5 vs 8
Partido:5 vs 9
005,005
005,003
009,005
009,002
Partido:5 vs 10
005,004
Partido:6 vs 7
006,003
006,005
006,003
Partido:6 vs 8
006,003
006,005
Partido:6 vs 9
009,004
009,005
009,003
Partido:6 vs 10
006,003
010,005
Partido:7 vs 8
007,003
007,004
008,004
Partido:7 vs 9
007,002
007,005
007,005
009,003
Partido:7 vs 10
Partido:8 vs 9
008,003
Partido:8 vs 10
008,005
008,004
008,002
010,005
010,004
Partido:9 vs 10
009,004